R2
-1 1 
-0.917541 0.916259 
-0.835082 0.832518 
-0.752624 0.748777 
-0.670165 0.665035 
-0.587706 0.581294 
-0.505247 0.497553 
-0.422789 0.413812 
-0.34033 0.330071 
-0.257871 0.24633 
-0.175412 0.162589 
-0.0929534 0.0788474 
-0.0104946 -0.00489375 
0.0719642 -0.0886349 
0.154423 -0.172376 
0.236882 -0.256117 
0.319341 -0.339858 
0.401799 -0.423599 
0.484258 -0.507341 
0.599418 -0.478779 
0.714579 -0.450217 
0.829739 -0.421655 
0.944899 -0.393094 
1.06006 -0.364532 
1.17522 -0.33597 
1.29038 -0.307408 
1.40554 -0.278846 
1.5207 -0.250285 
1.63586 -0.221723 
1.75102 -0.193161 
1.86618 -0.164599 
1.98134 -0.136037 
2.0965 -0.107476 
2.21166 -0.0789139 
2.32682 -0.0503521 
2.44198 -0.0217903 
2.55714 0.00677145 
2.5538 0.127009 
2.55045 0.247246 
2.5471 0.367483 
2.54375 0.48772 
2.54041 0.607957 
2.53706 0.728194 
2.53371 0.848431 
2.53037 0.968668 
2.52702 1.08891 
2.39526 1.19168 
2.26351 1.29445 
2.13175 1.39723 
2 1.5 

