R2
-1 1 
-0.902163 0.892287 
-0.804326 0.784574 
-0.70649 0.676862 
-0.608653 0.569149 
-0.510816 0.461436 
-0.412979 0.353723 
-0.315143 0.246011 
-0.217306 0.138298 
-0.119469 0.030585 
-0.0216322 -0.0771278 
0.0762046 -0.184841 
0.174041 -0.292553 
0.271878 -0.400266 
0.369715 -0.507979 
0.467552 -0.615692 
0.565389 -0.723405 
0.663225 -0.831117 
0.761062 -0.93883 
0.858899 -1.04654 
0.956736 -1.15426 
1.05457 -1.26197 
1.15241 -1.36968 
1.25025 -1.47739 
1.34808 -1.58511 
1.44592 -1.69282 
1.52934 -1.56955 
1.61276 -1.44627 
1.69618 -1.323 
1.7796 -1.19972 
1.86303 -1.07645 
1.94645 -0.953175 
2.02987 -0.8299 
2.11329 -0.706626 
2.19671 -0.583352 
2.28013 -0.460078 
2.36355 -0.336804 
2.44697 -0.213529 
2.53039 -0.0902552 
2.61382 0.0330189 
2.55243 0.179717 
2.49105 0.326415 
2.42967 0.473113 
2.36829 0.619811 
2.30691 0.766509 
2.24553 0.913208 
2.18414 1.05991 
2.12276 1.2066 
2.06138 1.3533 
2 1.5 

