SE2
0 0 0 
0.00225237 0.0912061 -0.0425305 
0.00450474 0.182412 -0.085061 
0.00675712 0.273618 -0.127592 
0.00900949 0.364824 -0.170122 
0.0112619 0.45603 -0.212653 
0.0135142 0.547236 -0.255183 
0.0157666 0.638442 -0.297714 
0.018019 0.729648 -0.340244 
0.0202714 0.820854 -0.382775 
0.0225237 0.912061 -0.425305 
0.0247761 1.00327 -0.467836 
0.0270285 1.09447 -0.510366 
0.0292808 1.18568 -0.552897 
0.0315332 1.27688 -0.595427 
0.0337856 1.36809 -0.637958 
0.036038 1.4593 -0.680488 
0.0382903 1.5505 -0.723019 
0.0405427 1.64171 -0.765549 
0.0427951 1.73291 -0.80808 
0.0450474 1.82412 -0.85061 
0.0472998 1.91533 -0.893141 
0.0495522 2.00653 -0.935671 
0.0518046 2.09774 -0.978202 
0.187466 2.14169 -0.980166 
0.323127 2.18564 -0.982129 
0.458788 2.22959 -0.984093 
0.594449 2.27354 -0.986057 
0.705606 2.27757 -0.971789 
0.816762 2.28159 -0.957522 
0.927919 2.28562 -0.943255 
1.03908 2.28965 -0.928988 
1.15023 2.29368 -0.914721 
1.26139 2.29771 -0.900454 
1.37254 2.30173 -0.886187 
1.4837 2.30576 -0.871919 
1.59486 2.30979 -0.857652 
1.62602 2.2475 -0.791679 
1.65719 2.18521 -0.725706 
1.68835 2.12291 -0.659733 
1.71952 2.06062 -0.593759 
1.75068 1.99833 -0.527786 
1.78185 1.93604 -0.461813 
1.81301 1.87375 -0.39584 
1.84418 1.81146 -0.329866 
1.87534 1.74917 -0.263893 
1.90651 1.68687 -0.19792 
1.93767 1.62458 -0.131947 
1.96884 1.56229 -0.0659733 
2 1.5 0 

