SE2
0 0 0 
0.0811884 -0.0367185 0.123877 
0.162377 -0.073437 0.247753 
0.243565 -0.110156 0.37163 
0.324753 -0.146874 0.495507 
0.405942 -0.183593 0.619384 
0.48713 -0.220311 0.74326 
0.568318 -0.25703 0.867137 
0.649507 -0.293748 0.991014 
0.730695 -0.330467 1.11489 
0.811884 -0.367185 1.23877 
0.893072 -0.403904 1.36264 
0.97426 -0.440622 1.48652 
1.05545 -0.477341 1.6104 
1.13664 -0.514059 1.73427 
1.21783 -0.550778 1.85815 
1.29901 -0.587496 1.98203 
1.3802 -0.624215 2.1059 
1.46139 -0.660933 2.22978 
1.54258 -0.697652 2.35366 
1.62377 -0.73437 2.47753 
1.75835 -0.657785 2.54393 
1.89293 -0.5812 2.61032 
2.02751 -0.504615 2.67671 
2.16209 -0.42803 2.74311 
2.29667 -0.351445 2.8095 
2.43126 -0.274859 2.87589 
2.56584 -0.198274 2.94229 
2.70042 -0.121689 3.00868 
2.71299 0.0257164 2.92377 
2.72556 0.173122 2.83886 
2.73814 0.320527 2.75395 
2.69713 0.386054 2.60096 
2.65612 0.45158 2.44796 
2.61511 0.517106 2.29496 
2.57411 0.582632 2.14196 
2.5331 0.648159 1.98897 
2.49209 0.713685 1.83597 
2.45108 0.779211 1.68297 
2.41008 0.844737 1.52997 
2.36907 0.910264 1.37698 
2.32806 0.97579 1.22398 
2.28705 1.04132 1.07098 
2.24605 1.10684 0.917985 
2.20504 1.17237 0.764987 
2.16403 1.23789 0.61199 
2.12302 1.30342 0.458992 
2.08202 1.36895 0.305995 
2.04101 1.43447 0.152997 
2 1.5 0 

